lat_north = 41.333051
lat_south = 41.268027
lon_east  = -71.757671
lon_west  = -71.978492
datum_lat = 41.300539
datum_lon = -71.8680815
